000000000000000000000000000000000000000000000000000000000000000000
000111111111110000001111111100111100000000000011110011111111111100
001111111111110000111111111100111111000000001111110011111111111100
001111000000000011111100111100111111110000111111110011110000000000
001111000000000011110000111100111111111111111111110011110000000000
001111001111110011110000111100111100111111110011110011111111110000
001111001111110011111111111100111100001111000011110011111111110000
001111000011110011111111111100111100000000000011110011110000000000
001111000011110011110000111100111100000000000011110011110000000000
001111111111110011110000111100111100000000000011110011111111111100
001111111111110011110000111100111100000000000011110011111111111100
000000000000000000000000000000000000000000000000000000000000000000
000000001111111100001111000000111100111111111111001111111111100000
000000111111111111001111000000111100111111111111001111111111110000
000000111100001111000111100001111000111100000000001111000011110000
000000111100001111000111100001111000111100000000001111000011110000
000000111100001111000011110011110000111111111100001111000011110000
000000111100001111000011110011110000111111111100001111111111110000
000000111100001111000011110011110000111100000000001111111111000000
000000111100001111000001110111000000111100000000001111001111100000
000000111111111111000000011110000000111111111111001111000011110000
000000001111111100000000011110000000111111111111001111000001111000
000000000000000000000000000000000000000000000000000000000000000000